4364 13910577 1390
4363 13909092 1485
4362 13907601 1491
4361 13905577 2024
4360 13902978 2599
4359 13900918 2060
4358 13898932 1986
4356 13895940 1292
4355 13894333 1607
4354 13889064 5269
4353 13886771 2293
4352 13885433 1338
4351 13882477 2956
4350 13879941 2536
4349 13876711 3230
4348 13873360 3351
4347 13866125 7235
4346 13850737 15388
4345 13845338 5399
4344 13842492 2846
4343 13840542 1950
4342 13838160 2382
4341 13835086 3074
4340 13832102 2984
4339 13826028 6074
4338 13824268 1760
4337 13822755 1513
4336 13821664 1091
4335 13820063 1601
4334 13818213 1850
4333 13803712 14501
4332 13802740 972
4330 13783701 13671
4328 13777127 4950
4326 13768734 2379
4325 13766945 1789
4324 13764763 2182
4323 13762388 2375
4322 13760198 2190
4321 13757658 2540
4320 13755766 1892
4319 13754026 1740
4318 13748632 5394
4317 13746438 2194
4316 13742485 3953
4315 13740596 1889
4314 13739617 979
4313 13737492 2125
4312 13735432 2060
4311 13732083 3349
4310 13730372 1711
4309 13728707 1665
4308 13726755 1952
4307 13723686 3069
4306 13722370 1316
4305 13719381 2989
4304 13714724 4657
4303 13710356 4368
4302 13703865 6491
4301 13700510 3355
4299 13683281 7198
4297 13668745 10441
4295 13663365 3905
4294 13654874 8491
4293 13653466 1408
4292 13649868 3598
4291 13647260 2608
4290 13644656 2604
4289 13642269 2387
4288 13640290 1979
4287 13633980 6310
4286 13630807 3173
4285 13629705 1102
4284 13628253 1452
4283 13626182 2071
4282 13620138 6044
4281 13618041 2097
4280 13616088 1953
4279 13612679 3409
4278 13610438 2241
4277 13608671 1767
4276 13607258 1413
4275 13599437 7821
4274 13592787 6650
4273 13590259 2528
4272 13585082 5177
4271 13583744 1338
4270 13582622 1122
4269 13572433 10189
4268 13570327 2106
4267 13567169 3158
4266 13566702 467
4265 13561697 5005
4264 13560921 776
4263 13560244 677
4262 13557839 2405
4261 13556580 1259
4260 13555772 808
4259 13552112 3660
4258 13549550 2562
4257 13543092 6458
4256 13542552 540
4255 13538669 3883
4254 13537368 1301
4252 13533952 2145
4251 13531948 2004
4250 13530614 1334
4249 13529049 1565
4248 13525811 3238
4247 13522285 3526
4246 13521162 1123
4245 13517330 3832
4244 13516191 1139
4243 13515808 383
4242 13514968 840
4241 13492885 22083
4240 13490539 2346
4238 13484771 3635
4237 13475784 8987
4236 13474552 1232
4234 13469418 2596
4233 13467083 2335
4232 13464916 2167
4231 13463626 1290
4230 13457936 5690
4229 13438917 19019
4228 13431715 7202
4227 13431397 318
4226 13428286 3111
4225 13425713 2573
4224 13424794 919
4223 13421264 3530
4221 13389983 841
4220 13387695 2288
4219 13377788 9907
4218 13377379 409
4217 13376722 657
4216 13374731 1991
4215 13373599 1132
4214 13369020 4579
4213 13366532 2488
4212 13362496 4036
4211 13359193 3303
4210 13354240 4953
4209 13352638 1602
4208 13350326 2312
4207 13349722 604
4206 13348784 938
4205 13329113 19671
4204 13298813 30300
4203 13289494 9319
4202 13282105 7389
4201 13277903 4202
4200 13249279 28624
4198 13245227 3834
4196 13224413 676
4195 13223496 917
4194 13220539 2957
4192 13213695 4096
4189 13195085 2897
4187 13192132 418
4186 13188782 3350
4184 13183308 3383
4183 13179766 3542
4182 13176206 3560
4181 13167179 9027
4180 13147127 20052
4179 13145361 1766
4178 13142588 2773
4177 13139991 2597
4176 13137951 2040
4175 13135193 2758
4174 13134468 725
4173 13120516 13952
4172 13114095 6421
4171 13098529 15566
4170 13097416 1113
4169 13096480 936
4168 13093671 2809
4166 13091850 1612
4165 13089515 2335
4164 13084519 4996
4163 13082688 1831
4162 13081592 1096
4161 13079454 2138
4160 13076768 2686
4159 13075265 1503
4158 13071085 4180
4157 13069850 1235
4156 13068561 1289
4155 13067435 1126
4154 13065583 1852
4153 13063305 2278
4152 13058222 5083
4151 13057063 1159
4150 13056081 982
4149 13054814 1267
4148 13053848 966
4147 13052066 1782
4145 13046441 3861
4144 13041572 4869
4143 13039821 1751
4142 13036046 3775
4141 13032848 3198
4140 13029527 3321
4139 13028440 1087
4138 13026816 1624
4137 13024654 2162
4136 13023773 881
4135 13022406 1367
4134 13021002 1404
4133 13018293 2709
4132 13014939 3354
4131 13011957 2982
4130 13008724 3233
4129 13004732 3992
4128 13003128 1604
4127 13002271 857
4125 12998195 2786
4124 12996597 1598
4123 12993631 2966
4122 12992338 1293
4121 12990667 1671
4120 12985062 5605
4119 12982479 2583
4118 12977264 5215
4117 12975553 1711
4116 12974037 1516
4115 12971850 2187
4114 12970515 1335
4113 12969052 1463
4112 12966740 2312
4111 12965288 1452
4110 12962605 2683
4109 12961404 1201
4108 12960005 1399
4107 12957281 2724
4106 12951131 6150
4105 12949261 1870
4104 12946548 2713
4103 12945693 855
4102 12944075 1618
4101 12942173 1902
4100 12940890 1283
4099 12939095 1795
4098 12937572 1523
4097 12935523 2049
4096 12934034 1489
4095 12933084 950
4094 12931305 1779
4093 12926646 4659
4092 12923429 3217
4091 12920795 2634
4090 12919218 1577
4089 12917545 1673
4088 12915140 2405
4087 12913414 1726
4086 12911769 1645
4085 12910524 1245
4084 12905420 5104
4083 12903679 1741
4082 12902588 1091
4081 12872551 30037
4080 12869969 2582
4079 12866752 3217
4078 12864526 2226
4077 12862059 2467
4076 12861042 1017
4075 12857291 3751
4074 12850338 6953
4073 12849166 1172
4072 12848001 1165
4071 12846150 1851
4070 12844654 1496
4069 12842688 1966
4068 12837254 5434
4067 12836257 997
4066 12834122 2135
4065 12815757 18365
4064 12812934 2823
4063 12810575 2359
4062 12807553 3022
4061 12805922 1631
4060 12805389 533
4059 12791639 13750
4058 12789759 1880
4057 12786421 3338
4056 12784601 1820
4055 12782194 2407
4054 12775631 6563
4053 12775045 586
4052 12773641 1404
4051 12769475 4166
4050 12766791 2684
4049 12764942 1849
4048 12761915 3027
4047 12760686 1229
4046 12758875 1811
4045 12751203 7672
4044 12731755 19448
4043 12729690 2065
4042 12722956 6734
4041 12717479 5477
4040 12711819 5660
4039 12706217 5602
4038 12697266 8951
4037 12696314 952
4036 12694617 1697
4035 12692857 1760
4034 12691302 1555
4033 12688649 2653
4032 12681771 6878
4031 12678812 2959
4030 12676952 1860
4029 12676038 914
4028 12674086 1952
4027 12672874 1212
4026 12669936 2938
4024 12666011 2191
4023 12665662 349
4022 12664150 1512
4021 12662937 1213
4020 12656164 6773
4019 12650363 5801
4018 12648290 2073
4017 12644679 3611
4016 12643040 1639
4015 12637542 5498
4014 12636131 1411
4013 12635102 1029
4012 12632227 2875
4011 12629551 2676
4010 12625499 4052
4009 12622359 3140
4008 12620800 1559
4007 12618729 2071
4006 12612483 6246
4005 12610500 1983
4004 12608273 2227
4003 12606656 1617
4002 12604055 2601
4001 12595283 8772
4000 12594068 1215
3999 12591075 2993
3998 12590175 900
3997 12588688 1487
3996 12585920 2768
3995 12584998 922
3994 12583562 1436
3993 12580781 2781
3992 12579492 1289
3991 12576458 3034
3990 12571341 5117
3989 12569918 1423
3988 12568683 1235
3987 12565860 2823
3986 12564155 1705
3985 12556207 7948
3984 12554880 1327
3983 12553622 1258
3982 12552342 1280
3981 12549691 2651
3980 12543948 5743
3979 12542451 1497
3978 12539556 2895
3977 12537323 2233
3976 12531612 5711
3975 12527808 3804
3974 12526377 1431
3973 12524458 1919
3972 12523258 1200
3971 12522323 935
3970 12518578 3745
3969 12516578 2000
3968 12514025 2553
3967 12512471 1554
3966 12510523 1948
3963 12503032 1625
3960 12480434 6616
3959 12478932 1502
3958 12456266 22666
3956 12453460 1761
3955 12447565 5895
3954 12442213 5352
3953 12430355 11858
3952 12430110 245
3950 12429685 235
3947 12425349 1208
3946 12422619 2730
3944 12416141 2854
3943 12408355 7786
3941 12407104 757
3934 12368409 15088
3933 12367389 1020
3929 12356907 947
3928 12355267 1640
3927 12345521 9746
3926 12342035 3486
3925 12334520 7515
3924 12326356 8164
3923 12323485 2871
3922 12321654 1831
3921 12319961 1693
3920 12318564 1397
3919 12313592 4972
3918 12311665 1927
3917 12311489 176
3916 12310110 1379
3914 12297992 2756
3912 12291756 2551
3911 12285605 6151
3906 12251960 15274
3905 12249414 2546
3904 12245958 3456
3903 12244324 1634
3902 12242764 1560
3901 12241269 1495
3900 12239854 1415
3899 12238033 1821
3898 12235715 2318
3897 12233760 1955
3896 12231769 1991
3895 12228731 3038
3894 12223226 5505
3893 12213243 9983
3891 12207083 1224
3890 12201104 5979
3889 12200869 235
3888 12200679 190
3887 12200467 212
3886 12200289 178
3885 12200038 251
3884 12199812 226
3883 12199622 190
3880 12176064 5818
3879 12169561 6503
3878 12167487 2074
3877 12155789 11698
3876 12146584 9205
3875 12140377 6207
3869 12120258 1097
3865 12098459 586
3864 12096114 2345
3863 12094668 1446
3862 12093537 1131
3861 12092008 1529
3860 12090637 1371
3859 12087466 3171
3858 12084675 2791
3857 12082554 2121
3856 12081072 1482
3855 12080556 516
3854 12076318 4238
3853 12075879 439
3852 12073192 2687
3851 12066750 6442
3850 12065521 1229
3849 12060689 4832
3848 12059918 771
3847 12059414 504
3846 12058099 1315
3845 12055108 2991
3844 12053460 1648
3843 12049930 3530
3842 12048928 1002
3841 12045393 3535
3840 12038718 6675
3839 12037477 1241
3838 12035997 1480
3837 12033435 2562
3836 12031658 1777
3835 12030620 1038
3834 12023569 7051
3833 12023263 306
3832 12018505 4758
3831 12017281 1224
3830 12015076 2205
3829 12014131 945
3828 12010390 3741
3827 12007430 2960
3826 12005652 1778
3825 11994085 11567
3824 11993374 711
3823 11991554 1820
3822 11990499 1055
3821 11989585 914
3820 11988773 812
3819 11986724 2049
3818 11975170 11554
3817 11973636 1534
3816 11969148 4488
3815 11966855 2293
3814 11965504 1351
3813 11965002 502
3812 11963664 1338
3811 11961631 2033
3810 11960041 1590
3809 11958385 1656
3808 11953467 4918
3807 11946462 7005
3803 11928013 7411
3802 11926682 1331
3800 11917951 8145
3799 11916758 1193
3798 11914264 2494
3797 11913030 1234
3796 11911745 1285
3795 11911213 532
3794 11908594 2619
3793 11905470 3124
3792 11904134 1336
3791 11900220 3914
3790 11899331 889
3789 11898051 1280
3788 11893478 4573
3787 11893153 325
3786 11892142 1011
3785 11889479 2663
3784 11888402 1077
3783 11886913 1489
3782 11884728 2185
3781 11883232 1496
3780 11881709 1523
3779 11881352 357
3778 11878755 2597
3777 11876128 2627
3776 11871175 4953
3775 11870968 207
3774 11868825 2143
3773 11867004 1821
3772 11862786 4218
3771 11861709 1077
3770 11857158 4551
3769 11855384 1774
3768 11854186 1198
3767 11850927 3259
3766 11849453 1474
3765 11849297 156
3764 11849126 171
3763 11848931 195
3762 11848728 203
3761 11848560 168
3760 11848377 183
3759 11848186 191
3758 11847990 196
3757 11847792 198
3756 11847588 204
3755 11847385 203
3754 11847185 200
3753 11846977 208
3752 11846796 181
3751 11846591 205
3750 11846393 198
3749 11846192 201
3748 11845996 196
3747 11845819 177
3746 11845617 202
3745 11845433 184
3744 11845229 204
3743 11845039 190
3742 11844877 162
3741 11844679 198
3740 11844477 202
3739 11844279 198
3738 11844082 197
3737 11843905 177
3736 11843722 183
3735 11843554 168
3734 11843392 162
3733 11843211 181
3732 11843005 206
3731 11842821 184
3730 11842634 187
3729 11842469 165
3728 11842309 160
3727 11842132 177
3726 11841937 195
3725 11841733 204
3724 11841532 201
3723 11841330 202
3722 11841128 202
3721 11840925 203
3720 11840763 162
3719 11840574 189
3718 11840376 198
3717 11840199 177
3716 11840022 177
3715 11837493 2529
3714 11834172 3321
3713 11826737 7435
3712 11824701 2036
3711 11823495 1206
3710 11822061 1434
3709 11816755 5306
3708 11815664 1091
3707 11811883 3781
3706 11809364 2519
3705 11803952 5412
3704 11801321 2631
3703 11797552 3769
3702 11794542 3010
3701 11790323 4219
3700 11785248 5075
3699 11782893 2355
3698 11781821 1072
3697 11779377 2444
3696 11775964 3413
3695 11773381 2583
3694 11771775 1606
3693 11766544 5231
3692 11763140 3404
3691 11759849 3291
3690 11756766 3083
3689 11750452 6314
3688 11746840 3612
3687 11743630 3210
3686 11720381 23249
3685 11717851 2530
3684 11715483 2368
3683 11712898 2585
3682 11710507 2391
3681 11708130 2377
3680 11704172 3958
3679 11701441 2731
3678 11697795 3646
3677 11696179 1616
3676 11694635 1544
3675 11693100 1535
3674 11691356 1744
3673 11687601 3755
3672 11684889 2712
3671 11680741 4148
3670 11678738 2003
3669 11673236 5502
3668 11669816 3420
3667 11667958 1858
3666 11665725 2233
3665 11662528 3197
3664 11656170 6358
3663 11654378 1792
3662 11652780 1598
3661 11650711 2069
3660 11647218 3493
3659 11643652 3566
3658 11641452 2200
3657 11638629 2823
3656 11634897 3732
3655 11626024 8873
3654 11622400 3624
3653 11619069 3331
3652 11611253 7816
3651 11608443 2810
3650 11606986 1457
3649 11604924 2062
3648 11601310 3614
3647 11598847 2463
3646 11597330 1517
3645 11595587 1743
3644 11590817 4770
3643 11589291 1526
3642 11587432 1859
3641 11583997 3435
3640 11580973 3024
3639 11579359 1614
3638 11576377 2982
3637 11574579 1798
3636 11571464 3115
3635 11563679 7785
3634 11555555 8124
3633 11551612 3943
3632 11544841 6771
3631 11537949 6892
3630 11531589 6360
3629 11524635 6954
3628 11521649 2986
3627 11519581 2068
3626 11516519 3062
3625 11514268 2251
3624 11511688 2580
3623 11509016 2672
3622 11507377 1639
3621 11505918 1459
3620 11503503 2415
3619 11496102 7401
3618 11487524 8578
3617 11484976 2548
3616 11479312 5664
3614 11459812 14096
3613 11456010 3802
3612 11442226 13784
3611 11434325 7901
3610 11430411 3914
3608 11405098 15711
3607 11401616 3482
3606 11399880 1736
3605 11390107 9773
3604 11385493 4614
3602 11374286 6569
3601 11372888 1398
3600 11367187 5701
3599 11365811 1376
3598 11360413 5398
3596 11335794 15317
3595 11334081 1713
3594 11331797 2284
3593 11325713 6084
3592 11323363 2350
3591 11318482 4881
3590 11314095 4387
3589 11310797 3298
3587 11302093 1352
3586 11298149 3944
3585 11297020 1129
3584 11289661 7359
3583 11284568 5093
3582 11278937 5631
3581 11276027 2910
3580 11272470 3557
3579 11268097 4373
3578 11265729 2368
3577 11264803 926
3576 11257889 6914
3575 11252761 5128
3574 11249100 3661
3573 11248518 582
3572 11245306 3212
3571 11237116 8190
3570 11231537 5579
3569 11229633 1904
3568 11226591 3042
3567 11223206 3385
3566 11215587 7619
3565 11204665 10922
3564 11203060 1605
3563 11201357 1703
3562 11198761 2596
3561 11196640 2121
3560 11194939 1701
3559 11187424 7515
3558 11184481 2943
3557 11181508 2973
3556 11175029 6479
3555 11173052 1977
3554 11167856 5196
3553 11161580 6276
3552 11152784 8796
3551 11150828 1956
3550 11148088 2740
3549 11143434 4654
3548 11141899 1535
3547 11141230 669
3545 11137719 2200
3544 11133862 3857
3543 11128607 5255
3542 11117646 10961
3541 11111777 5869
3540 11110273 1504
3539 11108590 1683
3538 11098432 10158
3537 11094834 3598
3536 11090689 4145
3535 11075200 15489
3534 11071819 3381
3533 11068091 3728
3532 11063314 4777
3531 11059901 3413
3530 11057399 2502
3529 11051934 5465
3528 11046559 5375
3527 11044784 1775
3526 11042889 1895
3525 11015846 27043
3524 11013564 2282
3523 11011463 2101
3522 11008297 3166
3521 11006106 2191
3520 10996427 9679
3519 10992016 4411
3518 10989077 2939
3517 10987981 1096
3516 10987199 782
3515 10985831 1368
3514 10976910 8921
3513 10976201 709
3512 10971830 4371
3511 10970381 1449
3510 10962311 8070
3509 10957042 5269
3508 10956357 685
3507 10950284 6073
3506 10949360 924
3505 10933652 15708
3504 10927962 5690
3503 10927172 790
3502 10920898 6274
3501 10912886 8012
3500 10911948 938
3499 10900347 11601
3498 10896026 4321
3497 10892141 3885
3496 10888850 3291
3495 10874670 14180
3494 10870972 3698
3493 10862872 8100
3492 10861182 1690
3491 10858063 3119
3490 10855129 2934
3489 10849756 5373
3488 10847530 2226
3487 10838581 8949
3486 10834109 4472
3485 10829100 5009
3484 10825013 4087
3483 10816971 8042
3482 10804409 12562
3481 10802945 1464
3480 10802168 777
3479 10800431 1737
3478 10800126 305
3477 10791038 9088
3476 10789671 1367
3475 10788237 1434
3474 10787155 1082
3473 10783374 3781
3472 10773840 9534
3471 10769139 4701
3470 10760014 9125
3469 10754536 5478
3468 10749290 5246
3467 10747405 1885
3466 10743173 4232
3465 10734867 8306
3464 10732726 2141
3463 10726346 6380
3462 10725520 826
3461 10724165 1355
3460 10722004 2161
3459 10720425 1579
3458 10719047 1378
3457 10713957 5090
3456 10706407 7550
3455 10691307 15100
3454 10684554 6753
3453 10679568 4986
3452 10671054 8514
3451 10663484 7570
3450 10655271 8213
3449 10653334 1937
3448 10646482 6852
3447 10641302 5180
3446 10633118 8184
3445 10631757 1361
3444 10629822 1935
3443 10628661 1161
3442 10624193 4468
3441 10607812 16381
3440 10605751 2061
3439 10602182 3569
3438 10598150 4032
3437 10592466 5684
3436 10583579 8887
3435 10565545 18034
3434 10563358 2187
3433 10555923 7435
3432 10554436 1487
3431 10553247 1189
3430 10551876 1371
3429 10547383 4493
3428 10545842 1541
3427 10541691 4151
3426 10537209 4482
3425 10532831 4378
3424 10524426 8405
3423 10504152 20274
3422 10501627 2525
3421 10499157 2470
3420 10495713 3444
3419 10493195 2518
3418 10491147 2048
3417 10488724 2423
3416 10484969 3755
3415 10482147 2822
3414 10480307 1840
3413 10472275 8032
3412 10467039 5236
3411 10461562 5477
3410 10455042 6520
3409 10453324 1718
3408 10449424 3900
3407 10445036 4388
3406 10442060 2976
3405 10432804 9256
3404 10426492 6312
3403 10423550 2942
3402 10419073 4477
3401 10411387 7686
3400 10408652 2735
3399 10401236 7416
3398 10399672 1564
3397 10393149 6523
3396 10383954 9195
3395 10381630 2324
3394 10377328 4302
3393 10370953 6375
3392 10370328 625
3391 10367551 2777
3390 10367029 522
3389 10364734 2295
3388 10355795 8939
3387 10348856 6939
3386 10338952 9904
3385 10328109 10843
3384 10316470 11639
3383 10315305 1165
3382 10312652 2653
3381 10309238 3414
3380 10302175 7063
3379 10300329 1846
3378 10297516 2813
3377 10294363 3153
3376 10285561 8802
3375 10279073 6488
3374 10272068 7005
3373 10264380 7688
3372 10261847 2533
3371 10258143 3704
3369 10254342 3605
3368 10252486 1856
3367 10251166 1320
3366 10245860 5306
3365 10240977 4883
3364 10234695 6282
3363 10224046 10649
3362 10222102 1944
3361 10218954 3148
3360 10214461 4493
3359 10211703 2758
3358 10202908 8795
3357 10194516 8392
3356 10192593 1923
3355 10190562 2031
3354 10184776 5786
3353 10183128 1648
3352 10180110 3018
3351 10175314 4796
3350 10173161 2153
3349 10161632 11529
3348 10151995 9637
3347 10142365 9630
3346 10137679 4686
3345 10133979 3700
3344 10131439 2540
3343 10127855 3584
3342 10124906 2949
3341 10121121 3785
3340 10120201 920
3339 10113525 6676
3338 10108180 5345
3337 10099902 8278
3336 10095023 4879
3335 10094063 960
3334 10087477 6586
3333 10083220 4257
3332 10080969 2251
3331 10075603 5366
3330 10072860 2743
3329 10069754 3106
3328 10050419 19335
3327 10040761 9658
3326 10038034 2727
3325 10035404 2630
3324 10027818 7586
3323 10024398 3420
3322 10022359 2039
3321 10018346 4013
3320 10009405 8941
3319 10006081 3324
3318 10000133 5948
3317 9999410 723
3316 9996719 2691
3315 9995704 1015
3314 9993032 2672
3313 9989459 3573
3312 9982667 6792
3311 9981845 822
3310 9980711 1134
3309 9974433 6278
3308 9968146 6287
3307 9966007 2139
3306 9956945 9062
3305 9953624 3321
3304 9952637 987
3303 9945348 7289
3302 9940873 4475
3301 9933869 7004
3300 9925811 8058
3299 9924558 1253
3298 9923580 978
3297 9921124 2456
3296 9917856 3268
3295 9914189 3667
3294 9910897 3292
3293 9907419 3478
3292 9906437 982
3291 9902450 3987
3290 9901095 1355
3288 9897765 2232
3287 9892695 5070
3286 9889317 3378
3285 9887466 1851
3284 9883673 3793
3283 9879815 3858
3282 9877316 2499
3281 9870825 6491
3280 9862941 7884
3279 9858493 4448
3278 9855456 3037
3277 9840681 14775
3276 9834998 5683
3275 9831212 3786
3274 9828514 2698
3273 9818891 9623
3272 9809319 9572
3270 9804241 4054
3269 9797307 6934
3268 9789287 8020
3266 9784540 2961
3265 9783507 1033
3264 9775898 7609
3263 9768342 7556
3262 9757749 10593
3261 9754703 3046
3260 9753651 1052
3259 9750759 2892
3257 9740669 6635
3256 9733078 7591
3254 9725271 5401
3253 9716941 8330
3248 9692718 8482
3246 9677103 7046
3244 9669606 4256
3243 9664803 4803
3242 9660948 3855
3241 9658557 2391
3240 9655836 2721
3238 9647391 3858
3237 9638361 9030
3236 9631943 6418
3235 9630154 1789
3233 9617593 7076
3232 9610180 7413
3231 9604500 5680
3230 9595869 8631
3229 9587675 8194
3228 9579765 7910
3226 9575020 3385
3225 9571522 3498
3224 9563013 8509
3223 9561416 1597
3222 9558313 3103
3221 9556225 2088
3220 9553546 2679
3219 9552064 1482
3218 9545713 6351
3217 9542028 3685
3216 9538694 3334
3215 9536309 2385
3214 9534393 1916
3213 9531635 2758
3212 9528536 3099
3211 9526589 1947
3210 9524239 2350
3209 9522784 1455
1492 2581392 1465
1491 2573037 8355
1490 2571571 1466
1489 2568497 3074
1488 2564823 3674
1487 2563792 1031
1486 2562444 1348
1485 2560091 2353
1484 2557390 2701
1483 2556230 1160
1482 2553067 3163
1481 2551559 1508
1480 2549010 2549
1479 2541163 7847
1478 2538047 3116
1477 2537215 832
1476 2533386 3829
1475 2532519 867
1474 2531693 826
1473 2530029 1664
1472 2528845 1184
1471 2527225 1620
1470 2526112 1113
1469 2524859 1253
1468 2520695 4164
1467 2517859 2836
1466 2516201 1658
1464 2510801 5212
1463 2507999 2802
1462 2507327 672
1461 2504684 2643
1460 2503511 1173
1459 2501582 1929
1458 2498223 3359
1457 2496498 1725
1456 2491658 4840
1455 2489327 2331
1454 2487633 1694
1453 2481595 6038
1452 2480404 1191
1451 2472748 7656
1450 2465125 7623
1449 2462009 3116
1448 2460845 1164
1447 2459667 1178
1446 2454426 5241
1445 2451632 2794
1444 2448104 3528
1443 2445015 3089
1442 2443270 1745
1441 2440839 2431
1440 2436388 4451
1439 2428983 7405
1438 2427125 1858
1437 2426756 369
1436 2424143 2613
1435 2420088 4055
1434 2416038 4050
1433 2410295 5743
1432 2408487 1808
1431 2399580 8907
1430 2396148 3432
1429 2393871 2277
1428 2389231 4640
1427 2383065 6166
1426 2378749 4316
1425 2368298 10451
1424 2362615 5683
1423 2359737 2878
1422 2353999 5738
1421 2347586 6413
1420 2337968 9618
1419 2333515 4453
1418 2326720 6795
1417 2318762 7958
1416 2317248 1514
1415 2314828 2420
1414 2309841 4987
1413 2307697 2144
1412 2297558 10139
1411 2295936 1622
1410 2292162 3774
1409 2289215 2947
1408 2285507 3708
1407 2283171 2336
1406 2279496 3675
1405 2277318 2178
1404 2267136 10182
1403 2260276 6860
1402 2256693 3583
1401 2250338 6355
1400 2247258 3080
1399 2245733 1525
1398 2245212 521
1397 2240533 4679
1396 2226797 13736
1395 2224258 2539
1394 2213998 10260
1393 2208249 5749
1392 2204360 3889
1391 2196072 8288
1390 2187916 8156
1389 2185582 2334
1388 2176642 8940
1387 2169645 6997
1385 2158749 10690
1384 2151010 7739
1383 2142184 8826
1382 2135485 6699
1381 2122455 13030
1380 2120374 2081
1379 2115998 4376
1378 2111596 4402
1377 2110402 1194
1376 2109693 709
1375 2105408 4285
1374 2089498 15910
1373 2083934 5564
1372 2081081 2853
1371 2076860 4221
1370 2064025 12835
1369 2051757 12268
1368 2048433 3324
1367 2044599 3834
1366 2041104 3495
1365 2037205 3899
1364 2033115 4090
1363 2027318 5797
1362 2020739 6579
1361 2014638 6101
1360 2007798 6840
1359 1997892 9906
1358 1987184 10708
1357 1983484 3700
1356 1978727 4757
1355 1974921 3806
1354 1973174 1747
1353 1968073 5101
1352 1961809 6264
1351 1950859 10950
1350 1946177 4682
1349 1933340 12837
1348 1923751 9589
1347 1917388 6363
1346 1912765 4623
1345 1903002 9763
1344 1894606 8396
1343 1889473 5133
1342 1885733 3740
1341 1859937 25796
1340 1855508 4429
1339 1849170 6338
1338 1837729 11441
1337 1836391 1338
1336 1829723 6668
1335 1828093 1630
1334 1827051 1042
1333 1826382 669
1332 1823558 2824
1331 1820161 3397
1330 1813019 7142
1329 1807949 5070
1328 1803876 4073
1327 1801197 2679
1326 1796516 4681
1325 1787960 8556
1324 1779947 8013
1323 1770788 9159
1322 1768695 2093
1321 1765246 3449
1320 1763719 1527
1319 1763190 529
1318 1755858 7332
1317 1752672 3186
1316 1751850 822
1315 1751368 482
1314 1745894 5474
1313 1732348 13546
1312 1712852 19496
1311 1701569 11283
1310 1694197 7372
1309 1685760 8437
1308 1677015 8745
1307 1661017 15998
1306 1651774 9243
1305 1640516 11258
1304 1631447 9069
1303 1630380 1067
1302 1629091 1289
1301 1621695 7396
1300 1619135 2560
1299 1617911 1224
1298 1613170 4741
1297 1611207 1963
1296 1608364 2843
1295 1603079 5285
1294 1599119 3960
1293 1568198 30921
1292 1565450 2748
1291 1561753 3697
1290 1557321 4432
1289 1550753 6568
1288 1545545 5208
1287 1538227 7318
1286 1537258 969
1284 1533596 3464
1283 1531237 2359
1282 1529279 1958
1281 1526895 2384
1280 1525560 1335
1279 1524431 1129
1278 1523329 1102
1277 1519450 3879
1276 1518073 1377
1275 1514966 3107
1274 1513522 1444
1273 1511701 1821
1272 1509290 2411
1271 1496701 12589
1270 1492100 4601
1269 1484751 7349
1268 1483292 1459
1267 1481530 1762
1266 1479285 2245
1265 1477674 1611
1264 1474827 2847
1263 1454749 20078
1262 1451728 3021
1261 1449289 2439
1260 1444104 5185
1259 1441285 2819
1258 1439104 2181
1257 1437841 1263
1256 1436813 1028
1255 1434472 2341
1254 1433256 1216
1253 1421634 11622
1252 1415514 6120
1251 1410512 5002
1250 1409931 581
1249 1408539 1392
1248 1406109 2430
1247 1403884 2225
1246 1402679 1205
1245 1395208 7471
1244 1393475 1733
1243 1391669 1806
1242 1390723 946
1241 1384942 5781
1240 1382305 2637
1239 1381499 806
1238 1380431 1068
1237 1378365 2066
1236 1375605 2760
1235 1371142 4463
1234 1365278 5864
1233 1359848 5430
1232 1356923 2925
1231 1352563 4360
1230 1350047 2516
1229 1348913 1134
1228 1347376 1537
1227 1344824 2552
1226 1344133 691
1225 1339722 4411
1224 1338423 1299
1223 1332710 5713
1222 1330494 2216
1221 1327616 2878
1220 1318447 9169
1219 1315164 3283
1218 1314524 640
1217 1313016 1508
1216 1309417 3599
1215 1303928 5489
1214 1302098 1830
1213 1294745 7353
1212 1285677 9068
1211 1280600 5077
1210 1277757 2843
1209 1271446 6311
1208 1270659 787
1207 1269513 1146
1206 1268577 936
1205 1261938 6639
1204 1260956 982
1203 1254638 6318
1202 1251523 3115
1201 1249528 1995
1200 1248478 1050
1199 1247572 906
1198 1246765 807
1197 1245923 842
1196 1243219 2704
1195 1239091 4128
1194 1229856 9235
1193 1225163 4693
1192 1220983 4180
1191 1219090 1893
1190 1216975 2115
1189 1216124 851
1188 1211468 4656
1187 1210258 1210
1186 1208219 2039
1185 1204188 4031
1184 1203657 531
1183 1197380 6277
1182 1194563 2817
1181 1192457 2106
1180 1187612 4845
1179 1186068 1544
1178 1169030 17038
1177 1167123 1907
1176 1164503 2620
1175 1162803 1700
1174 1161822 981
1173 1160367 1455
1172 1158273 2094
1171 1155979 2294
1170 1154497 1482
1169 1146919 7578
1168 1145646 1273
1167 1144556 1090
1166 1141691 2865
1165 1138889 2802
1164 1138207 682
1163 1132390 5817
1162 1131764 626
1158 1116599 3811
1157 1112806 3793
1156 1109052 3754
1150 1085841 3847
1145 1067139 3736
1144 1061342 5797
1143 1058860 2482
1142 1058070 790
1141 1057309 761
1140 1055699 1610
1139 1050491 5208
1138 1044733 5758
1137 1043837 896
1136 1041136 2701
1135 1040526 610
1134 1038934 1592
1133 1035497 3437
1132 1033698 1799
1131 1027709 5989
1130 1025934 1775
1129 1024816 1118
1128 1023582 1234
1127 1021741 1841
1126 1018922 2819
1125 1017730 1192
1124 1011930 5800
1123 1009035 2895
1122 1007458 1577
1121 1005416 2042
1120 1004131 1285
1119 1001556 2575
1118 995729 5827
1117 994136 1593
1116 993285 851
1115 990750 2535
1114 988284 2466
1113 985849 2435
1112 982844 3005
1111 979891 2953
1110 977001 2890
1109 973821 3180
1108 971512 2309
1107 969644 1868
1106 966726 2918
1105 966002 724
1104 965263 739
1103 963613 1650
1102 953824 9789
1101 948720 5104
1100 948078 642
1099 947426 652
1098 946812 614
1097 946129 683
1096 945484 645
1094 944176 631
1093 943527 649
1092 942905 622
1091 942282 623
1090 941642 640
1089 941024 618
1088 940384 640
1087 939758 626
1086 939126 632
1085 938501 625
1084 937843 658
1083 937144 699
1082 936486 658
1081 935867 619
1079 934557 626
1078 933929 628
1077 933270 659
1076 932590 680
1075 931963 627
1074 931334 629
1073 930678 656
1072 930024 654
1071 929390 634
1070 928762 628
1068 927448 640
1067 926790 658
1066 926144 646
1065 925467 677
1064 924820 647
1063 924145 675
1061 922815 646
1060 922141 674
1059 921522 619
1058 920880 642
1057 920221 659
1056 919575 646
1055 918897 678
1054 918249 648
1052 916937 628
1051 916313 624
1050 915665 648
1049 915019 646
1048 914386 633
1046 913058 654
1045 912418 640
1044 911746 672
1043 911081 665
1041 909757 640
1040 909112 645
1039 908484 628
1038 907869 615
1037 907219 650
1036 906587 632
1035 905946 641
1034 905318 628
1033 904683 635
1032 904043 640
1031 903409 634
1030 902757 652
1029 902083 674
1028 901438 645
1027 900775 663
1026 900122 653
1025 899468 654
1024 898790 678
1023 898106 684
1022 897480 626
1021 896847 633
1020 896216 631
1019 895540 676
1018 894876 664
1017 894165 711
1016 893517 648
1015 892844 673
1013 891521 649
1012 890857 664
1011 890179 678
1010 889527 652
1009 888876 651
1008 888192 684
1007 887544 648
1006 886867 677
1005 886185 682
1004 885536 649
1003 884867 669
1002 884185 682
1001 883552 633
1000 882915 637
999 882262 653
998 881626 636
997 881004 622
996 880366 638
995 879737 629
994 879103 634
993 878461 642
992 877804 657
991 877153 651
990 876479 674
989 875830 649
988 875171 659
987 874519 652
986 873860 659
985 873176 684
984 872492 684
983 871823 669
982 871179 644
981 870505 674
980 869860 645
979 869209 651
978 868574 635
977 867908 666
976 867265 643
975 866614 651
974 865965 649
973 865281 684
972 864603 678
971 863922 681
970 863218 704
969 862579 639
968 861924 655
967 861297 627
966 860623 674
965 859974 649
964 859292 682
963 858647 645
962 858013 634
961 857372 641
960 856734 638
959 856102 632
958 855464 638
957 854849 615
956 854212 637
955 853572 640
954 852933 639
953 852280 653
952 851652 628
951 850983 669
950 850279 704
949 849638 641
948 848965 673
947 848291 674
946 847652 639
945 846969 683
944 846291 678
943 845627 664
942 844988 639
941 844325 663
940 843675 650
939 843003 672
938 842354 649
937 841688 666
936 841002 686
935 840322 680
934 839660 662
933 839461 199
932 838785 676
931 838146 639
930 837461 685
929 836801 660
928 836175 626
927 835528 647
926 834905 623
925 834292 613
924 833627 665
923 833008 619
922 832362 646
921 831724 638
920 831088 636
919 830463 625
918 829803 660
916 828412 715
915 827691 721
914 826969 722
913 826333 636
912 825647 686
911 824995 652
910 824319 676
909 823667 652
908 823014 653
907 822331 683
906 821708 623
905 821049 659
904 820371 678
903 819738 633
902 819086 652
901 818440 646
900 817769 671
899 817120 649
898 816434 686
897 815788 646
895 814473 639
894 813845 628
893 813162 683
892 812505 657
891 811829 676
890 811138 691
889 810464 674
888 809791 673
887 809113 678
886 808409 704
885 807708 701
884 807023 685
883 806331 692
882 805638 693
881 804990 648
880 804314 676
879 803598 716
878 802923 675
877 802284 639
876 801627 657
875 800956 671
874 800310 646
873 799657 653
872 798974 683
871 798342 632
870 797700 642
869 797023 677
868 796347 676
867 795702 645
866 795045 657
865 794399 646
864 793754 645
863 793084 670
862 792404 680
861 791760 644
860 791118 642
859 790445 673
858 789799 646
857 789136 663
856 788456 680
855 787825 631
854 787158 667
853 786518 640
852 785865 653
851 785230 635
850 784575 655
849 783943 632
848 783317 626
847 782650 667
846 782015 635
845 781369 646
844 780728 641
843 780056 672
842 779342 714
841 778696 646
840 777993 703
839 777300 693
838 776604 696
837 775948 656
836 775301 647
835 774640 661
834 773995 645
833 773314 681
832 772679 635
831 772019 660
830 771372 647
829 770695 677
828 770062 633
827 769422 640
826 768741 681
825 768085 656
824 767442 643
823 766784 658
822 766137 647
821 765506 631
820 764830 676
819 764192 638
818 763521 671
817 762867 654
816 762223 644
815 761545 678
814 760841 704
813 760153 688
812 759472 681
811 758828 644
810 758191 637
809 757535 656
799 751106 683
798 750465 641
797 749823 642
796 749176 647
795 748535 641
794 747861 674
793 747209 652
792 746564 645
791 745871 693
790 745185 686
789 744528 657
788 743854 674
785 742849 642
784 742164 685
783 741505 659
782 740846 659
781 740169 677
780 739506 663
779 738833 673
778 738182 651
776 736823 686
775 736176 647
774 735494 682
773 734834 660
762 727710 642
761 727074 636
760 726425 649
759 725747 678
758 725095 652
757 724391 704
756 723693 698
754 722386 658
753 721736 650
752 721053 683
751 720383 670
750 719730 653
749 719037 693
748 718375 662
747 717719 656
746 717062 657
745 716390 672
744 715753 637
743 715127 626
742 714423 704
740 713088 687
739 712437 651
738 711779 658
737 711107 672
736 710420 687
735 709770 650
734 709095 675
733 708450 645
732 707777 673
731 707162 615
730 706471 691
729 705811 660
718 698709 657
717 698064 645
715 696686 700
714 696040 646
713 695388 652
712 694740 648
711 694047 693
710 693390 657
709 692717 673
336 496024 620
335 495398 626
334 494778 620
333 494165 613
332 493560 605
331 492941 619
330 492322 619
329 492119 203
328 491541 578
327 491368 173
326 490771 597
325 490589 182
324 490401 188
323 490228 173
322 490052 176
321 489882 170
320 489706 176
319 489518 188
318 489342 176
317 489148 194
316 488972 176
315 488336 636
314 487710 626
313 487556 154
312 486867 689
311 486666 201
310 486041 625
309 485880 161
308 485264 616
307 484998 266
306 484361 637
305 483756 605
304 483134 622
303 482937 197
302 482302 635
301 481721 581
300 481547 174
299 480932 615
298 480312 620
297 479684 628
296 479064 620
295 478454 610
294 477855 599
293 477682 173
292 477528 154
291 477355 173
290 477156 199
289 476516 640
288 475892 624
287 475720 172
286 475109 611
285 474905 204
284 474268 637
283 473661 607
282 473041 620
281 472865 176
280 472254 611
279 472093 161
278 471453 640
277 470874 579
276 470700 174
275 470079 621
274 469460 619
273 468834 626
272 468215 619
271 467605 610
270 467004 601
269 466831 173
268 466652 179
267 466479 173
266 466280 199
265 465674 606
264 465513 161
263 464863 650
262 464213 650
261 463576 637
260 462950 626
259 462790 160
258 462141 649
257 461527 614
256 461323 204
255 460705 618
254 460087 618
253 459471 616
252 458834 637
251 458216 618
250 457610 606
249 456987 623
248 456805 182
247 456167 638
246 455588 579
245 455413 175
244 454773 640
243 454154 619
242 453527 627
241 452908 619
240 452297 611
239 451689 608
238 451085 604
237 450470 615
236 450282 188
235 449670 612
234 449034 636
233 448390 644
232 447749 641
231 447105 644
230 446449 656
229 445822 627
228 445172 650
227 444531 641
226 443869 662
225 443242 627
224 442603 639
223 441991 612
222 441811 180
221 441199 612
220 441023 176
219 440386 637
218 440192 194
217 439553 639
216 438934 619
215 438295 639
214 438111 184
213 437909 202
212 437273 636
210 436564 171
209 435947 617
208 435334 613
207 434716 618
206 434099 617
205 433437 662
204 432797 640
203 432572 225
202 431960 612
201 431778 182
200 431170 608
199 430919 251
198 430757 162
197 430109 648
196 429817 292
195 429547 270
194 429347 200
193 428726 621
192 428088 638
191 427914 174
190 427621 293
189 427345 276
188 427154 191
187 426546 608
185 425803 205
184 425185 618
183 424534 651
182 423879 655
181 423267 612
180 422625 642
179 422011 614
177 421638 173
176 421458 180
175 421296 162
174 420688 608
173 420032 656
172 419870 162
171 419261 609
170 419052 209
169 418444 608
168 417821 623
167 417183 638
78 302475 5530
77 297820 4655
75 288960 3505
74 287569 1391
73 284200 3369
72 274266 9934
71 273161 1105
70 263191 9970
69 256314 6877
67 250020 4424
66 237894 12126
65 236066 1828
64 235140 926
63 233372 1768
62 231149 2223
61 230367 782
60 229476 891
59 229317 159
58 224597 4720
57 224423 174
56 217034 7389
55 212633 4401
54 210106 2527
53 205839 4267
52 200359 5480
51 194950 5409
50 191649 3301
49 186871 4778
48 181850 5021
47 179240 2610
46 177513 1727
45 172062 5451
44 169044 3018
43 163123 5921
42 158964 4159
41 155286 3678
40 149948 5338
39 144642 5306
38 141975 2667
37 133252 8723
16 54257 1243
15 51308 2949
14 48648 2660
13 44485 4163
12 43706 779
11 42744 962
10 38319 4425
9 35867 2452
8 29798 6069
7 25927 3871
2 3130 5163
1 0 3130
3 8293 5554
4 13847 4688
5 18535 5525
6 24060 1867
17 55500 1936
18 57436 2309
19 59745 2727
20 62472 2295
21 64767 1282
22 66049 4690
23 70739 4571
24 75310 3568
25 78878 3121
26 81999 4095
27 86094 4494
28 90588 2764
29 93352 3812
30 97164 2299
31 99463 1730
32 101193 2288
33 103481 20489
34 123970 3301
35 127271 4073
36 131344 1908
81 313174 770
82 313944 2568
83 316512 3929
84 320441 3517
85 323958 5158
86 329116 5245
87 334361 1303
88 335664 9362
89 345026 3277
90 348303 583
91 348886 1536
92 350422 3308
93 353730 1870
94 355600 3265
95 358865 5101
96 363966 2120
97 366086 5820
98 371906 2290
99 374196 4205
100 378401 4907
101 383308 198
102 383506 160
103 383666 188
104 383854 160
105 384014 605
106 384619 639
107 385258 612
108 385870 657
109 386527 639
110 387166 615
111 387781 173
112 387954 580
113 388534 608
114 389142 671
115 389813 214
116 390027 160
117 390187 640
118 390827 154
119 390981 651
120 391632 622
121 392254 617
122 392871 620
123 393491 620
124 394111 620
125 394731 617
126 395348 611
127 395959 622
128 396581 623
129 397204 175
130 397379 638
131 398017 621
132 398638 608
133 399246 163
134 399409 612
135 400021 203
136 400224 667
137 400891 204
138 401095 610
139 401705 350
140 402055 175
141 402230 655
142 402885 634
143 403519 556
144 404075 623
145 404698 665
146 405363 617
147 405980 649
148 406629 635
149 407264 624
150 407888 644
151 408532 637
152 409169 647
153 409816 641
154 410457 200
155 410657 618
156 411275 618
157 411893 605
158 412498 639
159 413137 612
160 413749 660
161 414409 617
162 415026 613
163 415639 204
164 415843 538
165 416381 608
166 416989 194
337 496644 614
338 497258 171
339 497429 623
340 498052 608
341 498660 636
342 499296 636
343 499932 203
344 500135 613
345 500748 613
346 501361 181
347 501542 175
348 501717 155
349 501872 629
350 502501 636
351 503137 182
352 503319 154
353 503473 173
354 503646 198
355 503844 603
356 504447 616
357 505063 620
358 505683 628
359 506311 620
360 506931 613
361 507544 167
362 507711 578
363 508289 636
364 508925 187
365 509112 623
366 509735 603
367 510338 636
368 510974 213
369 511187 612
370 511799 194
371 511993 621
372 512614 161
373 512775 629
374 513404 636
375 514040 159
376 514199 608
377 514807 180
378 514987 166
379 515153 148
381 515499 603
382 516102 613
383 516715 618
384 517333 631
385 517964 621
386 518585 615
387 519200 636
388 519836 173
389 520009 578
390 520587 673
391 521260 213
392 521473 193
393 521666 622
394 522288 608
395 522896 184
396 523080 175
397 523255 636
398 523891 171
399 524062 664
400 524726 201
401 524927 656
402 525583 221
403 525804 613
404 526417 175
405 526592 195
406 526787 628
407 527415 637
408 528052 655
409 528707 631
410 529338 649
411 529987 644
412 530631 646
413 531277 634
414 531911 649
415 532560 644
416 533204 647
417 533851 646
418 534497 617
419 535114 200
420 535314 619
421 535933 616
422 536549 605
423 537154 614
424 537768 615
425 538383 629
426 539012 620
427 539632 647
428 540279 161
429 540440 578
430 541018 178
431 541196 606
432 541802 632
433 542434 176
434 542610 629
435 543239 181
436 543420 621
437 544041 606
438 544647 643
439 545290 636
440 545926 203
441 546129 605
442 546734 161
443 546895 628
444 547523 636
445 548159 222
446 548381 148
447 548529 212
448 548741 148
449 548889 601
450 549490 612
451 550102 620
452 550722 632
453 551354 621
454 551975 621
455 552596 173
456 552769 580
458 553985 179
459 554164 187
460 554351 622
461 554973 606
462 555579 636
463 556215 240
464 556455 163
465 556618 166
466 556784 191
467 556975 609
468 557584 161
469 557745 628
470 558373 636
471 559009 208
472 559217 215
473 559432 596
475 560195 579
476 560774 148
477 560922 175
478 561097 155
479 561252 185
480 561437 621
481 562058 620
482 562678 621
484 563497 603
485 564100 615
486 564715 620
487 565335 630
488 565965 620
489 566585 647
490 567232 638
491 567870 175
492 568045 623
493 568668 606
494 569274 638
495 569912 232
496 570144 672
497 570816 594
498 571410 184
499 571594 620
500 572214 225
501 572439 659
502 573098 203
503 573301 612
504 573913 161
505 574074 629
506 574703 170
507 574873 638
508 575511 172
509 575683 646
510 576329 643
511 576972 675
512 577647 655
513 578302 632
514 578934 632
515 579566 634
516 580200 646
517 580846 645
518 581491 674
519 582165 602
521 582967 616
522 583583 620
523 584203 600
524 584803 614
525 585417 620
526 586037 629
527 586666 618
528 587284 670
529 587954 174
530 588128 580
531 588708 638
532 589346 175
533 589521 624
534 590145 605
535 590750 637
536 591387 224
537 591611 223
538 591834 616
539 592450 180
540 592630 625
541 593255 638
542 593893 635
543 594528 197
544 594725 200
545 594925 212
546 595137 206
548 595543 599
549 596142 613
550 596755 615
551 597370 625
552 597995 624
553 598619 634
554 599253 180
555 599433 579
556 600012 638
557 600650 630
558 601280 190
559 601470 620
560 602090 603
561 602693 638
562 603331 190
563 603521 173
564 603694 251
565 603945 624
566 604569 195
567 604764 640
568 605404 638
570 606228 580
571 606808 213
572 607021 643
573 607664 638
574 608302 169
575 608471 625
576 609096 603
577 609699 638
578 610337 183
579 610520 621
580 611141 220
581 611361 603
582 611964 174
583 612138 608
584 612746 638
585 613384 178
586 613562 184
587 613746 172
588 613918 217
589 614135 618
590 614753 678
591 615431 624
592 616055 638
593 616693 652
594 617345 640
595 617985 622
596 618607 640
597 619247 644
598 619891 629
599 620520 642
600 621162 639
601 621801 659
602 622460 650
603 623110 673
604 623783 652
605 624435 693
607 625799 681
608 626480 628
609 627108 621
610 627729 646
611 628375 627
612 629002 709
613 629711 677
614 630388 648
625 637418 657
626 638075 693
627 638768 643
628 639411 676
629 640087 656
630 640743 652
631 641395 671
632 642066 653
633 642719 657
634 643376 691
635 644067 646
636 644713 676
637 645389 688
639 646739 689
640 647428 650
641 648078 666
642 648744 696
643 649440 675
644 650115 654
655 657197 646
656 657843 692
657 658535 644
658 659179 678
659 659857 658
660 660515 619
661 661134 657
662 661791 654
663 662445 672
664 663117 656
665 663773 693
666 664466 628
667 665094 643
668 665737 676
669 666413 654
670 667067 657
671 667724 650
672 668374 656
673 669030 674
674 669704 691
675 670395 644
676 671039 673
677 671712 639
678 672351 703
679 673054 657
680 673711 634
681 674345 663
682 675008 646
683 675654 655
684 676309 645
685 676954 632
686 677586 643
687 678229 640
688 678869 657
689 679526 641
690 680167 695
691 680862 664
692 681526 649
693 682175 675
694 682850 645
695 683495 649
696 684144 652
697 684796 654
698 685450 652
699 686102 674
700 686776 655
701 687431 690
702 688121 648
703 688769 679
704 689448 684
705 690132 652
706 690784 628
707 691412 654
708 692066 651
1493 2582857 2058
1494 2584915 958
1495 2585873 1668
1496 2587541 1627
1497 2589168 916
1498 2590084 2429
1499 2592513 9648
1500 2602161 3961
1501 2606122 6708
1502 2612830 8214
1503 2621044 3710
1504 2624754 5015
1505 2629769 3495
1506 2633264 1883
1507 2635147 986
1508 2636133 1405
1509 2637538 1164
1510 2638702 2093
1511 2640795 1293
1512 2642088 1732
1513 2643820 1802
1514 2645622 2176
1515 2647798 1798
1516 2649596 7661
1517 2657257 18349
1518 2675606 3873
1519 2679479 4405
1520 2683884 3340
1521 2687224 3543
1522 2690767 10507
1523 2701274 4059
1524 2705333 1213
1525 2706546 888
1526 2707434 1500
1527 2708934 961
1528 2709895 1969
1529 2711864 4458
1530 2716322 1626
1531 2717948 6238
1532 2724186 7694
1533 2731880 1989
1534 2733869 3999
1535 2737868 2669
1536 2740537 4767
1537 2745304 8844
1538 2754148 4973
1539 2759121 7971
1540 2767092 4781
1541 2771873 10035
1542 2781908 2208
1543 2784116 1613
1544 2785729 2097
1545 2787826 1872
1546 2789698 2433
1547 2792131 2891
1548 2795022 2579
1549 2797601 13298
1550 2810899 2486
1551 2813385 2257
1552 2815642 2511
1553 2818153 3083
1554 2821236 1584
1555 2822820 10157
1556 2832977 9649
1557 2842626 4717
1558 2847343 6997
1559 2854340 3657
1560 2857997 3424
1561 2861421 2844
1562 2864265 5875
1563 2870140 3081
1564 2873221 5856
1565 2879077 4770
1566 2883847 13732
1567 2897579 3828
1568 2901407 2967
1569 2904374 1621
1570 2905995 8106
1571 2914101 5689
1572 2919790 12500
1573 2932290 3813
1574 2936103 2202
1575 2938305 5465
1576 2943770 5847
1577 2949617 7925
1578 2957542 10140
1579 2967682 3600
1580 2971282 3386
1581 2974668 2182
1583 2977232 3781
1584 2981013 2028
1585 2983041 1481
1586 2984522 7376
1587 2991898 1018
1588 2992916 942
1589 2993858 1675
1590 2995533 3276
1591 2998809 1823
1592 3000632 4059
1593 3004691 2168
1594 3006859 4025
1595 3010884 1395
1596 3012279 4918
1597 3017197 2600
1598 3019797 1751
1599 3021548 1974
1600 3023522 1483
1601 3025005 412
1602 3025417 422
1603 3025839 438
1604 3026277 482
1605 3026759 452
1606 3027211 460
1607 3027671 484
1608 3028155 520
1609 3028675 468
1610 3029143 498
1611 3029641 474
1612 3030115 466
1613 3030581 482
1614 3031063 450
1615 3031513 518
1616 3032031 756
1617 3032787 3224
1618 3036011 761
1619 3036772 6211
1620 3042983 6353
1621 3049336 5731
1622 3055067 10742
1623 3065809 3787
1624 3069596 1578
1625 3071174 2143
1626 3073317 9578
1627 3082895 4306
1628 3087201 6379
1629 3093580 3042
1630 3096622 6092
1631 3102714 6073
1632 3108787 1687
1633 3110474 6466
1634 3116940 3269
1635 3120209 6704
1636 3126913 9028
1637 3135941 1419
1638 3137360 2904
1639 3140264 1769
1640 3142033 3345
1641 3145378 6011
1642 3151389 6791
1643 3158180 6297
1644 3164477 6419
1645 3170896 9694
1646 3180590 9735
1647 3190325 1175
1648 3191500 708
1649 3192208 1141
1650 3193349 3791
1651 3197140 663
1652 3197803 5521
1653 3203324 1386
1654 3204710 2775
1655 3207485 2312
1656 3209797 5522
1657 3215319 12212
1658 3227531 2591
1659 3230122 26080
1660 3256202 3705
1661 3259907 4030
1662 3263937 12425
1663 3276362 4396
1664 3280758 3886
1665 3284644 14646
1666 3299290 12268
1667 3311558 3670
1668 3315228 1631
1669 3316859 9097
1670 3325956 1798
1671 3327754 707
1672 3328461 3226
1673 3331687 2851
1674 3334538 5814
1675 3340352 9613
1676 3349965 4038
1677 3354003 1129
1678 3355132 1780
1679 3356912 5495
1680 3362407 4592
1681 3366999 4538
1682 3371537 4389
1683 3375926 1853
1684 3377779 4365
1685 3382144 3670
1686 3385814 6159
1687 3391973 4186
1688 3396159 1100
1689 3397259 729
1690 3397988 8839
1691 3406827 3949
1692 3410776 7002
1693 3417778 1507
1694 3419285 2473
1695 3421758 1082
1696 3422840 1020
1697 3423860 1011
1698 3424871 5322
1699 3430193 10994
1700 3441187 742
1701 3441929 661
1702 3442590 4013
1703 3446603 10085
1704 3456688 1304
1705 3457992 3105
1706 3461097 847
1708 3462622 622
1709 3463244 983
1710 3464227 721
1711 3464948 1748
1712 3466696 12294
1713 3478990 4322
1714 3483312 11187
1715 3494499 3606
1716 3498105 1589
1717 3499694 3077
1718 3502771 1178
1719 3503949 583
1720 3504532 1569
1721 3506101 1640
1722 3507741 1566
1723 3509307 8820
1724 3518127 7783
1725 3525910 4435
1726 3530345 2926
1727 3533271 609
1728 3533880 7691
1729 3541571 4049
1730 3545620 12556
1731 3558176 4930
1732 3563106 2529
1733 3565635 3905
1735 3585749 6315
1736 3592064 2626
1737 3594690 305
1738 3594995 2355
1739 3597350 3862
1740 3601212 2824
1741 3604036 13567
1742 3617603 7938
1743 3625541 1915
1744 3627456 2786
1745 3630242 1937
1746 3632179 1855
1747 3634034 3477
1748 3637511 2222
1749 3639733 3064
1750 3642797 1997
1751 3644794 1835
1752 3646629 2197
1753 3648826 2943
1754 3651769 2863
1755 3654632 1936
1760 3664815 2610
1761 3667425 3327
1762 3670752 2174
1763 3672926 1917
1764 3674843 1780
1765 3676623 2092
1766 3678715 4508
1767 3683223 3904
1768 3687127 3806
1769 3690933 3013
1770 3693946 2458
1771 3696404 2573
1772 3698977 2338
1773 3701315 2379
1775 3708202 320
1776 3708522 5871
1779 3722103 9960
1780 3732063 2814
1781 3734877 966
1782 3735843 4430
1783 3740273 7178
1784 3747451 305
1785 3747756 3205
1786 3750961 2678
1787 3753639 2385
1788 3756024 2604
1789 3758628 3575
1790 3762203 4360
1791 3766563 2617
1792 3769180 4998
1793 3774178 2756
1794 3776934 8234
1795 3785168 2759
1796 3787927 6294
1797 3794221 2453
1798 3796674 1226
1799 3797900 17847
1800 3815747 9880
1801 3825627 2967
1802 3828594 3250
1803 3831844 5894
1804 3837738 3489
1805 3841227 1948
1806 3843175 3086
1807 3846261 4501
1808 3850762 4382
1809 3855144 3726
1810 3858870 2998
1811 3861868 24582
1812 3886450 11339
1813 3897789 16331
1814 3914120 30734
1815 3944854 3792
1816 3948646 4992
1817 3953638 6537
1818 3960175 4714
1819 3964889 4232
1820 3969121 3600
1821 3972721 3047
1822 3975768 4098
1823 3979866 8642
1824 3988508 4033
1825 3992541 7529
1826 4000070 38565
1827 4038635 5437
1828 4044072 17869
1829 4061941 5288
1830 4067229 2766
1831 4069995 10538
1832 4080533 3780
1833 4084313 4725
1834 4089038 5405
1835 4094443 4823
1836 4099266 5243
1837 4104509 6723
1838 4111232 6482
1839 4117714 4676
1840 4122390 4147
1841 4126537 8950
1842 4135487 8402
1843 4143889 5480
1844 4149369 4269
1845 4153638 7441
1846 4161079 7902
1847 4168981 5645
1848 4174626 5355
1849 4179981 4462
1850 4184443 4957
1851 4189400 4315
1852 4193715 4367
1853 4198082 5343
1854 4203425 1254
1855 4204679 4006
1856 4208685 19869
1857 4228554 3706
1858 4232260 6330
1859 4238590 4675
1860 4243265 2811
1861 4246076 3478
1862 4249554 3911
1863 4253465 3465
1864 4256930 4274
1865 4261204 11913
1866 4273117 4241
1867 4277358 8216
1868 4285574 7860
1869 4293434 8000
1870 4301434 7307
1871 4308741 1626
1872 4310367 5249
1873 4315616 16446
1874 4332062 4605
1875 4336667 9446
1876 4346113 5306
1877 4351419 4194
1878 4355613 4783
1879 4360396 4028
1880 4364424 10506
1881 4374930 5552
1882 4380482 4110
1883 4384592 3160
1884 4387752 3743
1885 4391495 3918
1886 4395413 3310
1887 4398723 3415
1888 4402138 18428
1889 4420566 4805
1890 4425371 5361
1891 4430732 3396
1892 4434128 11472
1893 4445600 7874
1894 4453474 19536
1895 4473010 5452
1896 4478462 1227
1897 4479689 2124
1898 4481813 2868
1899 4484681 3663
1900 4488344 19351
1901 4507695 19774
1902 4527469 4349
1903 4531818 4295
1904 4536113 3519
1905 4539632 12562
1906 4552194 6782
1907 4558976 25784
1908 4584760 11225
1909 4595985 7092
1910 4603077 1548
1911 4604625 5945
1912 4610570 6349
1913 4616919 23588
1914 4640507 1564
1915 4642071 2807
1916 4644878 1029
1917 4645907 1085
1919 4653681 2160
1920 4655841 1931
1922 4664461 6206
1924 4674294 630
1926 4676760 3080
1927 4679840 1257
1928 4681097 2300
1929 4683397 1112
1930 4684509 3479
1931 4687988 4111
1932 4692099 4327
1933 4696426 6287
1934 4702713 3754
1935 4706467 711
1936 4707178 4276
1937 4711454 4080
1938 4715534 536
1939 4716070 998
1940 4717068 1583
1941 4718651 3654
1942 4722305 3588
1943 4725893 4803
1944 4730696 2697
1945 4733393 2078
1946 4735471 3130
1947 4738601 801
1950 4747529 3147
1951 4750676 2384
1952 4753060 2673
1953 4755733 3405
1954 4759138 2549
1955 4761687 4070
1956 4765757 2041
1957 4767798 1861
1958 4769659 4435
1959 4774094 1422
1960 4775516 4424
1961 4779940 3881
1962 4783821 5680
1963 4789501 6664
1964 4796165 4530
1965 4800695 1800
1968 4806612 6443
1969 4813055 2538
1970 4815593 3447
1971 4819040 2712
1974 4834527 763
1975 4835290 9115
1977 4851218 2204
1978 4853422 2520
1979 4855942 2390
1981 4860701 1346
1983 4863182 2945
1984 4866127 10171
1985 4876298 1276
1986 4877574 3968
1987 4881542 1124
1988 4882666 456
1989 4883122 10795
1990 4893917 1835
1991 4895752 3363
1992 4899115 3342
1993 4902457 3582
1994 4906039 9692
1995 4915731 2184
1996 4917915 1111
1997 4919026 780
1998 4919806 1054
1999 4920860 1832
2000 4922692 8521
2001 4931213 3455
2002 4934668 6345
2003 4941013 4814
2004 4945827 5610
2005 4951437 1706
2006 4953143 5360
2007 4958503 1691
2008 4960194 1710
2009 4961904 6802
2010 4968706 2784
2011 4971490 1496
2012 4972986 2066
2013 4975052 2580
2014 4977632 2577
2015 4980209 3780
2016 4983989 8072
2017 4992061 11536
2018 5003597 2034
2019 5005631 3594
2020 5009225 5156
2021 5014381 5321
2022 5019702 5149
2023 5024851 6327
2024 5031178 1020
2025 5032198 7185
2026 5039383 2930
2027 5042313 9522
2028 5051835 4206
2029 5056041 6411
2030 5062452 2872
2031 5065324 1581
2032 5066905 2908
2033 5069813 3388
2034 5073201 1759
2035 5074960 5541
2036 5080501 9059
2038 5089734 2280
2039 5092014 8407
2040 5100421 6785
2041 5107206 6447
2042 5113653 3676
2043 5117329 3369
2044 5120698 2875
2045 5123573 3401
2046 5126974 457
2047 5127431 2155
2048 5129586 3913
2049 5133499 3602
2050 5137101 2897
2051 5139998 3566
2052 5143564 2683
2053 5146247 6548
2054 5152795 9409
2055 5162204 8426
2056 5170630 10513
2057 5181143 9680
2058 5190823 10262
2059 5201085 7944
2060 5209029 5460
2061 5214489 6230
2062 5220719 7479
2063 5228198 3537
2064 5231735 3976
2065 5235711 2357
2066 5238068 1544
2067 5239612 1649
2068 5241261 3138
2069 5244399 3500
2070 5247899 7586
2074 5271295 4580
2075 5275875 3470
2076 5279345 11590
2077 5290935 5138
2079 5302700 4792
2080 5307492 1057
2081 5308549 4153
2082 5312702 3644
2083 5316346 3429
2084 5319775 4298
2085 5324073 4891
2086 5328964 4544
2087 5333508 7972
2088 5341480 2232
2089 5343712 5524
2090 5349236 4364
2091 5353600 6518
2092 5360118 4776
2093 5364894 2154
2094 5367048 2130
2095 5369178 1480
2096 5370658 3300
2097 5373958 4582
2098 5378540 4121
2099 5382661 6222
2100 5388883 8564
2101 5397447 1840
2102 5399287 5767
2103 5405054 7261
2104 5412315 1272
2105 5413587 3407
2106 5416994 4094
2107 5421088 1613
2108 5422701 7281
2109 5429982 2741
2110 5432723 10126
2111 5442849 4279
2112 5447128 5791
2113 5452919 801
2114 5453720 3743
2115 5457463 1962
2116 5459425 1967
2117 5461392 3132
2118 5464524 2449
2119 5466973 7785
2120 5474758 2662
2121 5477420 2013
2122 5479433 6216
2123 5485649 4244
2124 5489893 4364
2125 5494257 3833
2126 5498090 6886
2127 5504976 3603
2128 5508579 3283
2129 5511862 4623
2130 5516485 5265
2131 5521750 4442
2132 5526192 3418
2133 5529610 4120
2134 5533730 1138
2135 5534868 7946
2136 5542814 4570
2137 5547384 4388
2138 5551772 4373
2139 5556145 4085
2140 5560230 5563
2141 5565793 7797
2142 5573590 2345
2143 5575935 2126
2144 5578061 2949
2145 5581010 2943
2146 5583953 4613
2147 5588566 5428
2148 5593994 3167
2149 5597161 4087
2150 5601248 5459
2151 5606707 4681
2152 5611388 5117
2153 5616505 2489
2154 5618994 2727
2155 5621721 2967
2156 5624688 8261
2157 5632949 1227
2158 5634176 769
2160 5635147 4147
2161 5639294 3343
2162 5642637 1543
2163 5644180 9948
2164 5654128 3067
2165 5657195 8754
2166 5665949 3962
2167 5669911 5244
2168 5675155 4931
2169 5680086 8583
2170 5688669 4796
2171 5693465 3919
2172 5697384 520
2173 5697904 4685
2174 5702589 4393
2175 5706982 3813
2176 5710795 5824
2177 5716619 7216
2178 5723835 6468
2179 5730303 2572
2180 5732875 3359
2181 5736234 966
2182 5737200 22910
2183 5760110 18580
2184 5778690 2582
2185 5781272 8476
2186 5789748 1645
2187 5791393 2393
2188 5793786 7135
2189 5800921 3338
2190 5804259 11013
2191 5815272 2874
2192 5818146 3510
2193 5821656 3221
2194 5824877 4835
2195 5829712 7264
2196 5836976 6902
2197 5843878 6191
2198 5850069 1073
2199 5851142 2784
2200 5853926 3445
2201 5857371 1045
2202 5858416 2436
2203 5860852 1552
2204 5862404 6343
2205 5868747 13624
2206 5882371 2096
2207 5884467 12952
2208 5897419 6469
2209 5903888 2877
2210 5906765 5031
2211 5911796 1962
2212 5913758 9044
2213 5922802 6563
2214 5929365 2479
2215 5931844 6445
2216 5938289 8496
2217 5946785 4215
2218 5951000 3216
2219 5954216 12848
2220 5967064 4565
2221 5971629 2362
2222 5973991 2418
2223 5976409 650
2224 5977059 1367
2225 5978426 10073
2226 5988499 21752
2227 6010251 862
2228 6011113 3504
2229 6014617 3825
2230 6018442 1413
2231 6019855 1058
2232 6020913 5750
2233 6026663 1203
2234 6027866 901
2235 6028767 10811
2236 6039578 1346
2237 6040924 17716
2238 6058640 9464
2239 6068104 2834
2241 6074899 1346
2242 6076245 4589
2243 6080834 5946
2244 6086780 1050
2245 6087830 868
2246 6088698 2292
2247 6090990 8156
2248 6099146 3245
2249 6102391 1832
2250 6104223 520
2251 6104743 1538
2252 6106281 2266
2253 6108547 3798
2254 6112345 5924
2255 6118269 1320
2256 6119589 3158
2257 6122747 1230
2258 6123977 1304
2259 6125281 1094
2260 6126375 5526
2261 6131901 920
2262 6132821 4354
2263 6137175 333
2264 6137508 8865
2265 6146373 3580
2266 6149953 1596
2267 6151549 1328
2268 6152877 6385
2269 6159262 4062
2270 6163324 1240
2271 6164564 2933
2272 6167497 2646
2273 6170143 1769
2274 6171912 4100
2275 6176012 12806
2276 6188818 1464
2277 6190282 4019
2278 6194301 3569
2279 6197870 1354
2280 6199224 1077
2281 6200301 3948
2282 6204249 6862
2284 6224039 1573
2285 6225612 1507
2286 6227119 1442
2287 6228561 2420
2288 6230981 2147
2289 6233128 1736
2290 6234864 1753
2291 6236617 1144
2292 6237761 1625
2293 6239386 794
2294 6240180 7010
2295 6247190 8117
2296 6255307 1466
2297 6256773 1072
2298 6257845 4656
2299 6262501 2411
2300 6264912 1154
2301 6266066 6423
2302 6272489 1759
2303 6274248 7540
2304 6281788 2154
2305 6283942 6377
2306 6290319 3980
2307 6294299 1380
2308 6295679 8320
2309 6303999 6881
2310 6310880 9516
2311 6320396 3629
2312 6324025 2212
2313 6326237 3378
2314 6329615 4715
2315 6334330 1668
2317 6339226 3731
2320 6350802 14601
2324 6377366 2617
2325 6379983 2720
2326 6382703 3566
2327 6386269 3464
2331 6414766 4168
2332 6418934 3670
2335 6432262 3789
2337 6440418 3064
2338 6443482 1684
2339 6445166 4299
2342 6456369 3992
2343 6460361 4154
2344 6464515 3538
2345 6468053 3638
2346 6471691 3800
2347 6475491 3999
2348 6479490 3466
2351 6497767 3758
2358 6526650 3473
2360 6532963 3085
2361 6536048 3127
2362 6539175 4056
2363 6543231 3262
2366 6570193 3402
2368 6575143 3448
2369 6578591 3510
2371 6601637 4668
2372 6606305 1505
2373 6607810 3408
2375 6616061 4141
2381 6637418 5060
2383 6645644 3284
2384 6648928 3633
2385 6652561 3725
2386 6656286 3475
2387 6659761 2731
2388 6662492 3233
2389 6665725 3641
2390 6669366 3190
2391 6672556 3545
2392 6676101 18934
2393 6695035 4511
2394 6699546 3776
2395 6703322 3616
2397 6708527 4324
2398 6712851 1233
2399 6714084 927
2400 6715011 2955
2401 6717966 4066
2402 6722032 3544
2404 6728419 3523
2405 6731942 2607
2406 6734549 1104
2407 6735653 4217
2408 6739870 19809
2410 6763501 4817
2411 6768318 3324
2412 6771642 4810
2413 6776452 3310
2415 6783032 3642
2416 6786674 3681
2417 6790355 2000
2418 6792355 3216
2419 6795571 2861
2420 6798432 7577
2421 6806009 410
2422 6806419 512
2423 6806931 11260
2424 6818191 4491
2425 6822682 3676
2426 6826358 9026
2427 6835384 3407
2428 6838791 2051
2429 6840842 2001
2430 6842843 7131
2431 6849974 6464
2432 6856438 3690
2433 6860128 2246
2434 6862374 14969
2435 6877343 6414
2436 6883757 1328
2437 6885085 1975
2438 6887060 2937
2439 6889997 2584
2440 6892581 2136
2441 6894717 1588
2442 6896305 740
2443 6897045 1390
2444 6898435 734
2445 6899169 386
2446 6899555 3987
2448 6907466 3062
2449 6910528 4164
2450 6914692 7607
2451 6922299 5437
2452 6927736 1355
2454 6934417 1172
2455 6935589 928
2456 6936517 1858
2457 6938375 2419
2458 6940794 5496
2460 6948800 8100
2461 6956900 2470
2462 6959370 915
2463 6960285 846
2464 6961131 1642
2465 6962773 2238
2466 6965011 7286
2467 6972297 1640
2468 6973937 4768
2469 6978705 2456
2470 6981161 3637
2471 6984798 2692
2472 6987490 6968
2473 6994458 2303
2474 6996761 3022
2475 6999783 4604
2476 7004387 2522
2477 7006909 2884
2478 7009793 1905
2479 7011698 1274
2480 7012972 4737
2481 7017709 1634
2482 7019343 1003
2483 7020346 1602
2484 7021948 1800
2485 7023748 4609
2486 7028357 1673
2487 7030030 2685
2488 7032715 9349
2489 7042064 1877
2490 7043941 2634
2491 7046575 9090
2492 7055665 3551
2493 7059216 6158
2494 7065374 3369
2495 7068743 2956
2496 7071699 7882
2497 7079581 1734
2498 7081315 2201
2499 7083516 1647
2500 7085163 963
2501 7086126 2388
2502 7088514 1679
2503 7090193 1781
2504 7091974 15079
2505 7107053 7387
2506 7114440 3143
2507 7117583 1675
2508 7119258 1411
2509 7120669 7688
2510 7128357 1992
2511 7130349 2114
2512 7132463 1784
2513 7134247 1686
2514 7135933 2077
2515 7138010 1157
2516 7139167 4318
2517 7143485 5462
2518 7148947 3018
2519 7151965 2750
2520 7154715 3743
2521 7158458 2125
2522 7160583 4009
2523 7164592 13140
2524 7177732 2516
2525 7180248 1920
2526 7182168 3624
2527 7185792 3867
2528 7189659 3877
2529 7193536 1898
2530 7195434 5440
2531 7200874 6878
2532 7207752 2510
2533 7210262 4584
2534 7214846 6978
2535 7221824 1505
2536 7223329 2486
2537 7225815 2675
2538 7228490 816
2539 7229306 5363
2540 7234669 271
2541 7234940 840
2542 7235780 3579
2543 7239359 5928
2544 7245287 1240
2545 7246527 1387
2546 7247914 3689
2547 7251603 4585
2548 7256188 2389
2549 7258577 2205
2550 7260782 3779
2551 7264561 4063
2552 7268624 931
2553 7269555 2940
2554 7272495 1142
2555 7273637 1786
2556 7275423 2005
2557 7277428 3129
2558 7280557 7146
2559 7287703 8615
2560 7296318 3969
2561 7300287 4000
2562 7304287 4630
2563 7308917 3906
2564 7312823 4633
2566 7318616 4219
2567 7322835 2711
2568 7325546 1719
2569 7327265 1081
2570 7328346 4043
2571 7332389 3879
2572 7336268 2893
2573 7339161 1293
2574 7340454 3169
2575 7343623 7694
2576 7351317 19077
2577 7370394 2200
2578 7372594 3788
2579 7376382 1650
2580 7378032 4256
2582 7387412 8857
2583 7396269 3147
2584 7399416 13380
2585 7412796 3748
2587 7416732 6378
2588 7423110 8714
2589 7431824 5771
2590 7437595 2170
2591 7439765 4978
2592 7444743 1217
2593 7445960 3867
2595 7456195 1668
2596 7457863 3443
2597 7461306 2809
2598 7464115 6296
2599 7470411 5399
2600 7475810 1810
2601 7477620 6758
2602 7484378 3677
2603 7488055 10438
2605 7505477 4566
2606 7510043 3528
2607 7513571 6456
2608 7520027 9642
2609 7529669 1596
2610 7531265 2781
2611 7534046 2404
2612 7536450 4563
2613 7541013 8717
2614 7549730 1589
2615 7551319 4819
2616 7556138 5128
2617 7561266 7821
2619 7574402 11004
2620 7585406 1829
2621 7587235 7264
2622 7594499 3685
2623 7598184 7923
2624 7606107 475
2626 7611792 2491
2627 7614283 3078
2628 7617361 3876
2629 7621237 746
2630 7621983 868
2631 7622851 5669
2632 7628520 1481
2633 7630001 2135
2634 7632136 2615
2635 7634751 3663
2636 7638414 3267
2637 7641681 2083
2638 7643764 4823
2639 7648587 10139
2640 7658726 584
2641 7659310 3161
2642 7662471 3450
2644 7671232 3760
2645 7674992 6245
2646 7681237 9853
2647 7691090 2072
2648 7693162 1628
2649 7694790 3120
2650 7697910 5577
2651 7703487 3665
2652 7707152 1979
2653 7709131 4391
2654 7713522 1361
2655 7714883 9450
2656 7724333 4573
2657 7728906 2578
2658 7731484 3572
2659 7735056 1800
2660 7736856 1480
2661 7738336 1502
2662 7739838 4713
2663 7744551 2888
2664 7747439 8556
2665 7755995 7772
2666 7763767 5303
2667 7769070 3038
2668 7772108 7121
2669 7779229 1191
2670 7780420 2798
2671 7783218 2585
2672 7785803 1945
2673 7787748 2314
2674 7790062 521
2675 7790583 5878
2676 7796461 514
2677 7796975 2070
2678 7799045 6622
2679 7805667 5877
2680 7811544 2515
2681 7814059 3069
2682 7817128 8936
2683 7826064 3611
2685 7833563 3035
2686 7836598 8951
2687 7845549 4035
2688 7849584 3388
2689 7852972 3633
2690 7856605 1462
2691 7858067 4477
2692 7862544 1017
2693 7863561 1771
2694 7865332 5591
2695 7870923 2090
2696 7873013 1791
2697 7874804 15849
2698 7890653 5928
2699 7896581 2249
2700 7898830 2613
2701 7901443 5398
2702 7906841 3917
2703 7910758 13766
2704 7924524 3821
2705 7928345 1844
2706 7930189 3634
2707 7933823 6589
2708 7940412 2956
2709 7943368 560
2710 7943928 4685
2711 7948613 4551
2712 7953164 2705
2713 7955869 4738
2714 7960607 2153
2715 7962760 735
2716 7963495 2675
2717 7966170 2743
2718 7968913 1915
2719 7970828 2434
2720 7973262 7160
2721 7980422 1552
2722 7981974 1143
2723 7983117 1143
2724 7984260 1135
2725 7985395 1143
2726 7986538 1143
2727 7987681 1143
2728 7988824 1143
2729 7989967 1143
2730 7991110 1143
2732 7993039 1118
2733 7994157 8078
2734 8002235 5544
2735 8007779 1318
2736 8009097 2002
2737 8011099 4753
2738 8015852 6783
2739 8022635 8184
2740 8030819 3914
2742 8040221 1242
2743 8041463 8854
2744 8050317 6014
2745 8056331 2058
2746 8058389 4453
2747 8062842 1940
2749 8074084 2398
2750 8076482 1266
2751 8077748 2919
2752 8080667 2153
2753 8082820 3010
2756 8090532 2592
2757 8093124 1510
2758 8094634 3405
2759 8098039 1652
2760 8099691 6370
2761 8106061 2464
2762 8108525 2151
2763 8110676 5070
2764 8115746 8566
2765 8124312 5188
2768 8131884 1461
2769 8133345 2464
2770 8135809 2360
2771 8138169 1818
2772 8139987 3501
2774 8145906 3925
2776 8153584 435
2778 8167404 9602
2779 8177006 2460
2780 8179466 2082
2781 8181548 2430
2782 8183978 2654
2784 8193013 7996
2785 8201009 5228
2786 8206237 5946
2787 8212183 4558
2788 8216741 2494
2789 8219235 2482
2790 8221717 7413
2791 8229130 8510
2793 8243044 642
2794 8243686 2793
2795 8246479 3244
2797 8250856 1776
2798 8252632 1919
2799 8254551 635
2800 8255186 476
2801 8255662 599
2802 8256261 2571
2803 8258832 2513
2804 8261345 1916
2805 8263261 5768
2806 8269029 2031
2807 8271060 3819
2808 8274879 8132
2809 8283011 4186
2810 8287197 2382
2811 8289579 1572
2812 8291151 3007
2813 8294158 1774
2814 8295932 8305
2815 8304237 1694
2816 8305931 9653
2817 8315584 2020
2818 8317604 1854
2819 8319458 2646
2820 8322104 3188
2821 8325292 9539
2822 8334831 3463
2823 8338294 8379
2824 8346673 2138
2825 8348811 1727
2826 8350538 1066
2827 8351604 1479
2828 8353083 1056
2829 8354139 1369
2830 8355508 5361
2831 8360869 4993
2832 8365862 2152
2833 8368014 1739
2834 8369753 4017
2835 8373770 2320
2836 8376090 2257
2837 8378347 7671
2838 8386018 1316
2839 8387334 1475
2840 8388809 4280
2841 8393089 1264
2842 8394353 1232
2843 8395585 1409
2844 8396994 1686
2845 8398680 5184
2846 8403864 2523
2847 8406387 1373
2848 8407760 3182
2849 8410942 10931
2855 8442742 7032
2856 8449774 1864
2857 8451638 7362
2858 8459000 3386
2859 8462386 1919
2860 8464305 12887
2861 8477192 5251
2862 8482443 4676
2863 8487119 1375
2864 8488494 2473
2865 8490967 2320
2866 8493287 2152
2867 8495439 3605
2868 8499044 1379
2869 8500423 11044
2870 8511467 1168
2871 8512635 670
2872 8513305 4758
2873 8518063 2039
2874 8520102 1293
2875 8521395 900
2876 8522295 7411
2877 8529706 3114
2878 8532820 1893
2879 8534713 2876
2880 8537589 969
2881 8538558 1319
2882 8539877 1354
2883 8541231 526
2885 8545727 4619
2886 8550346 4956
2887 8555302 3243
2888 8558545 2209
2889 8560754 858
2890 8561612 784
2891 8562396 1243
2893 8569322 1589
2894 8570911 766
2895 8571677 1683
2896 8573360 12977
2897 8586337 552
2898 8586889 1840
2899 8588729 2470
2900 8591199 2321
2901 8593520 2686
2902 8596206 1648
2903 8597854 620
2904 8598474 2159
2905 8600633 2195
2906 8602828 2199
2907 8605027 2322
2908 8607349 2134
2909 8609483 480
2910 8609963 2427
2911 8612390 1232
2912 8613622 3100
2913 8616722 1558
2914 8618280 705
2915 8618985 1043
2916 8620028 2809
2917 8622837 2698
2918 8625535 1242
2919 8626777 1098
2920 8627875 853
2921 8628728 973
2922 8629701 988
2923 8630689 2352
2924 8633041 1736
2925 8634777 1145
2926 8635922 895
2927 8636817 1126
2928 8637943 1350
2929 8639293 991
2930 8640284 1942
2931 8642226 2618
2932 8644844 1268
2933 8646112 2735
2934 8648847 2811
2935 8651658 2992
2936 8654650 1055
2937 8655705 3620
2938 8659325 2538
2939 8661863 4289
2940 8666152 3325
2941 8669477 5876
2942 8675353 3294
2943 8678647 915
2944 8679562 2322
2945 8681884 4622
2947 8688813 789
2948 8689602 5800
2949 8695402 1229
2950 8696631 6010
2951 8702641 869
2952 8703510 1613
2953 8705123 868
2954 8705991 3269
2955 8709260 6412
2956 8715672 821
2957 8716493 3415
2958 8719908 4032
2959 8723940 1242
2960 8725182 1076
2961 8726258 1797
2962 8728055 1530
2963 8729585 2492
2964 8732077 2491
2965 8734568 1743
2966 8736311 1374
2967 8737685 2905
2968 8740590 2432
2969 8743022 1563
2970 8744585 1856
2971 8746441 1076
2972 8747517 946
2973 8748463 3359
2974 8751822 1953
2975 8753775 1924
2976 8755699 2219
2977 8757918 1949
2978 8759867 3119
2979 8762986 1789
2980 8764775 3192
2982 8771763 512
2983 8772275 1100
2984 8773375 805
2985 8774180 2563
2986 8776743 1052
2987 8777795 2275
2988 8780070 1857
2989 8781927 1419
2990 8783346 719
2991 8784065 1672
2992 8785737 2533
2993 8788270 1561
2994 8789831 2281
2995 8792112 2384
2996 8794496 2244
2997 8796740 1062
2998 8797802 2515
2999 8800317 1421
3000 8801738 4181
3001 8805919 2104
3002 8808023 1785
3004 8812052 4208
3005 8816260 532
3006 8816792 825
3007 8817617 2559
3008 8820176 4234
3009 8824410 3553
3010 8827963 899
3012 8832937 3509
3013 8836446 1216
3014 8837662 2390
3015 8840052 2649
3016 8842701 1296
3017 8843997 5518
3018 8849515 1241
3019 8850756 1957
3020 8852713 2665
3021 8855378 2421
3022 8857799 1217
3023 8859016 1140
3024 8860156 6821
3025 8866977 3170
3026 8870147 2597
3027 8872744 5245
3028 8877989 1918
3029 8879907 2573
3030 8882480 4778
3031 8887258 4731
3032 8891989 4490
3033 8896479 3091
3034 8899570 7698
3035 8907268 5816
3036 8913084 3532
3037 8916616 3347
3038 8919963 2369
3039 8922332 3498
3040 8925830 2178
3041 8928008 2043
3042 8930051 9192
3043 8939243 5413
3044 8944656 7529
3045 8952185 5445
3046 8957630 4863
3047 8962493 8271
3048 8970764 11956
3049 8982720 6336
3050 8989056 1437
3051 8990493 1862
3052 8992355 980
3053 8993335 5304
3054 8998639 2957
3055 9001596 675
3056 9002271 4195
3057 9006466 820
3058 9007286 3153
3059 9010439 738
3060 9011177 925
3061 9012102 4233
3062 9016335 3675
3063 9020010 1280
3064 9021290 1812
3065 9023102 1153
3066 9024255 1641
3067 9025896 883
3068 9026779 2503
3069 9029282 4389
3070 9033671 4687
3071 9038358 1115
3072 9039473 2247
3073 9041720 961
3074 9042681 1977
3075 9044658 898
3076 9045556 1198
3077 9046754 1488
3078 9048242 559
3079 9048801 3970
3080 9052771 1453
3081 9054224 4816
3082 9059040 2487
3083 9061527 2071
3084 9063598 2493
3085 9066091 2244
3086 9068335 3489
3087 9071824 1677
3088 9073501 1127
3089 9074628 2611
3090 9077239 2030
3091 9079269 1900
3092 9081169 4295
3093 9085464 14601
3094 9100065 2127
3095 9102192 6590
3096 9108782 13733
3097 9122515 9064
3098 9131579 3708
3099 9135287 4609
3100 9139896 3642
3101 9143538 5674
3102 9149212 1693
3104 9160003 3989
3105 9163992 1894
3106 9165886 9766
3107 9175652 6489
3108 9182141 2455
3109 9184596 4531
3110 9189127 7553
3111 9196680 2088
3112 9198768 3707
3113 9202475 4315
3114 9206790 1088
3115 9207878 2216
3116 9210094 3751
3117 9213845 1646
3118 9215491 2696
3119 9218187 2677
3120 9220864 509
3121 9221373 4145
3122 9225518 6067
3123 9231585 1733
3124 9233318 3588
3125 9236906 2450
3126 9239356 6018
3127 9245374 5775
3128 9251149 7761
3129 9258910 4934
3130 9263844 902
3131 9264746 1268
3132 9266014 2028
3133 9268042 4060
3134 9272102 3489
3135 9275591 601
3136 9276192 4054
3137 9280246 2905
3138 9283151 2848
3139 9285999 3500
3140 9289499 5607
3141 9295106 4642
3142 9299748 5089
3143 9304837 2702
3144 9307539 9163
3145 9316702 9401
3146 9326103 5543
3148 9333664 7350
3151 9346486 3729
3152 9350215 2603
3153 9352818 8361
3154 9361179 1303
3155 9362482 1879
3156 9364361 3083
3157 9367444 4555
3158 9371999 2020
3159 9374019 1196
3160 9375215 1216
3161 9376431 5284
3162 9381715 2778
3163 9384493 4011
3164 9388504 1133
3165 9389637 2019
3167 9393797 1334
3168 9395131 2889
3169 9398020 1581
3172 9412210 734
3173 9412944 529
3174 9413473 858
3175 9414331 669
3176 9415000 530
3177 9415530 568
3178 9416098 1338
3179 9417436 3521
3180 9420957 3736
3181 9424693 509
3182 9425202 2082
3183 9427284 1335
3184 9428619 3393
3186 9438259 3265
3187 9441524 5321
3188 9446845 3007
3189 9449852 3808
3190 9453660 3287
3191 9456947 3036
3192 9459983 2098
3193 9462081 1932
3194 9464013 3195
3195 9467208 3774
3197 9471190 1939
3203 9497669 10072
3205 9509789 3821
3206 9513610 3445
3207 9517055 4215
3208 9521270 1514
